183
579
1017
727
1019
871
735
427
1166
940
428
663
389
1083
984
514
898
665
489
594
128
13
883
826
730
717
662
394
1094
186
39
1081
734
101
1078
1035
402
89
944
648
1169
392
964
82
968
1093
823
837
474
25
562
337
513
9
1061
628
419
1066
129
369
342
1087
282
460
1091
907
359
680
684
614
289
1032
218
1137
330
366
302
813
926
1161
696
1234
838
1163
212
711
200
297
455
293
936
559
292
928
806
1181
187
1084
159
1180
475
320
904
693
751
57
332
102
425
1133
626
11
906
1177
1107
84
488
1165
1168
211
396
1106
190
852
809
650
110
845
283
401
1174
1050
358
449
566
592
965
466
228
124
1040
1226
422
830
942
321
1012
59
602
775
502
1096
37
118
807
1211
546
1159
752
386
1117
1136
238
987
1005
982
1090
148
74
847
800
322
3
49
29
754
690
193
1205
691
250
685
92
540
603
758
108
870
564
960
469
459
912
90
658
382
1192
55
946
1037
671
552
647
736
295
971
796
880
485
882
988
767
860
265
631
599
1195
542
596
1067
226
867
733
473
517
914
1142
901
227
853
525
88
323
536
140
223
962
284
430
1128
495
142
246
589
174
454
682
1233
206
571
336
452
794
384
1238
1160
760
641
523
586
568
572
1135
998
151
999
774
815
633
601
1014
1155
106
969
624
1209
1145
722
556
659
951
231
741
997
1125
822
923
597
881
869
750
705
1178
1173
380
63
501
221
312
288
553
326
279
175
959
107
1206
1011
209
398
458
315
535
431
328
1167
418
411
278
1179
879
38
153
189
689
924
1170
918
1222
48
1201
755
527
1185
260
487
1026
1213
973
798
121
707
961
1176
43
213
355
561
1224
1115
526
335
311
499
1158
1162
304
1053
543
494
895
144
141
915
1156
236
1172
989
819
748
573
529
726
538
33
856
1016
296
766
248
945
378
625
1036
104
957
1071
287
269
1044
347
185
135
1076
243
280
1175
975
875
471
786
791
719
314
1171
1157
771
746
510
85
205
694
281
704
899
765
850
241
673
810
790
782
607
370
831
482
1031
350
812
541
963
1151
818
676
797
584
738
703
731
122
496
397
313
1105
574
1002
646
4
484
437
576
954
461
404
225
922
139
780
930
306
52
242
95
1082
451
764
1200
1216
1148
1182
698
725
655
1164
1009
950
632
1112
150
1203
439
18
217
740
742
179
438
858
62
1039
442
859
143
565
229
1095
208
1102
804
357
1118
126
784
840
164
776
10
1111
828
441
12
1025
497
436
424
793
864
956
1237
307
184
327
524
1191
137
877
849
669
1007
31
61
652
480
340
1147
391
472
716
1146
1077
851
903
952
477
833
1018
273
802
1058
271
1049
1104
1054
1190
1152
272
1034
147
1132
834
1060
80
700
728
892
530
51
986
19
333
1074
618
1189
351
1099
181
1207
390
204
1015
905
1204
534
173
509
1119
375
42
842
83
310
113
15
769
749
518
993
1232
1075
1202
772
1072
30
604
639
1010
1056
508
182
672
520
177
844
770
785
668
467
1210
829
611
811
1024
169
583
346
972
629
588
156
188
697
130
587
532
251
1042
897
1110
615
468
949
623
203
244
1103
567
1073
100
1062
651
195
528
160
555
172
692
24
1197
913
657
119
970
1124
816
479
677
848
585
1068
23
7
219
166
873
890
339
1065
429
409
958
349
415
1214
352
582
235
26
163
1057
1108
715
917
843
421
630
967
1188
1227
887
550
383
361
290
778
1114
757
1223
1139
934
446
929
1086
747
274
1
1131
301
889
334
836
341
1033
237
753
759
808
201
1138
399
718
1126
317
688
1141
262
737
569
762
462
661
876
199
233
408
739
1047
832
519
308
447
1048
232
667
146
154
872
590
210
706
224
788
745
649
878
985
364
773
1120
372
170
433
577
675
1070
919
1129
1000
6
367
222
276
885
50
40
554
865
937
373
470
1239
68
670
1101
855
884
506
874
134
27
457
1220
612
21
420
916
1113
64
197
445
96
610
598
8
1052
521
266
109
178
1143
640
1043
992
167
1051
548
605
743
981
53
1134
1030
363
258
305
316
925
636
414
732
268
862
1116
191
66
886
622
863
252
239
125
149
1046
1218
1149
888
1212
453
695
478
995
371
522
1199
931
805
539
687
1029
1127
841
267
34
1198
505
407
443
1215
575
253
781
286
606
486
463
202
72
377
325
702
65
983
393
69
111
563
1140
14
616
902
93
254
86
947
683
136
432
155
368
255
245
5
503
591
803
230
256
176
400
263
161
714
1021
896
1085
653
196
98
953
22
319
1055
410
360
67
1041
123
1038
994
710
